Идентификатор: 2
Классификационный код: 71111110
NAME_CODE: Лес густой высокий
F1: 27.0

Количество точек: 9

Координаты СК-42: 
[[
[30.0892295837, 52.6602897644]
[30.0884170532, 52.6603775024]
[30.0843219757, 52.6635971069]
[30.0829029083, 52.6652069092]
[30.0851802826, 52.6664276123]
[30.0860691071, 52.6662063599]
[30.0868186951, 52.6651306152]
[30.0901050568, 52.6613731384]
[30.0892295837, 52.6602897644]
]]

Координаты WGS84: 
[[
[30.0889989223, 52.6593923115]
[30.0881863762, 52.6594800615]
[30.0840912473, 52.6626997735]
[30.0826721669, 52.6643096214]
[30.084949599, 52.6655303162]
[30.0858384392, 52.6653090486]
[30.0865880319, 52.664233276]
[30.0898744235, 52.6604756928]
[30.0889989223, 52.6593923115]
]]
